
paleta_epe <- c(
  "#13475d", #azul escuro
  "#ffd966", #amarelo
  "#953735", #vermelho
  "#f19759", #laranja
  "#94b2d0", #azul claro
  "#7f7f7f", #cinza
  "#b3a2c7", #violeta
  "#c3d69b", #verde
  "#c8c7af", #bege
  "#00678e", #azul medio
  "#42f595"  #verde claro
)
